8.330706338615830042e-02
8.490462006676251228e-02
8.970072392320665999e-02
9.770405277927513010e-02
1.089237542481671650e-01
1.233618072153242484e-01
1.410029837226592919e-01
1.618030359977202237e-01
1.856758714767842988e-01
2.124805945360405957e-01
2.420093838648807727e-01
2.739772263532249119e-01
3.080145231454029520e-01
3.436635058454823310e-01
3.803792447425870527e-01
4.175357981917544037e-01
4.544377518530499094e-01
4.903370460805379638e-01
5.244546120432813652e-01
5.560059536034188676e-01
5.842294486378639684e-01
6.084158433282758072e-01
6.279372283168901392e-01
6.422737476265603096e-01
6.510363914852222988e-01
6.539844350573947862e-01
6.510363914852226319e-01
6.422737476265600876e-01
6.279372283168900282e-01
6.084158433282759182e-01
5.842294486378640794e-01
5.560059536034187566e-01
5.244546120432812542e-01
4.903370460805376863e-01
4.544377518530495208e-01
4.175357981917545147e-01
3.803792447425869416e-01
3.436635058454821090e-01
3.080145231454031740e-01
2.739772263532250784e-01
2.420093838648808282e-01
2.124805945360407344e-01
1.856758714767842433e-01
1.618030359977203347e-01
1.410029837226593752e-01
1.233618072153242345e-01
1.089237542481673177e-01
9.770405277927503296e-02
8.970072392320670163e-02
8.490462006676255391e-02
8.330706338615830042e-02
8.490462006676251228e-02
8.970072392320665999e-02
9.770405277927513010e-02
1.089237542481671650e-01
1.233618072153242484e-01
1.410029837226592919e-01
1.618030359977202237e-01
1.856758714767842988e-01
2.124805945360405957e-01
2.420093838648807727e-01
2.739772263532249119e-01
3.080145231454029520e-01
3.436635058454823310e-01
3.803792447425870527e-01
4.175357981917544037e-01
4.544377518530499094e-01
4.903370460805379638e-01
5.244546120432813652e-01
5.560059536034188676e-01
5.842294486378639684e-01
6.084158433282758072e-01
6.279372283168901392e-01
6.422737476265603096e-01
6.510363914852222988e-01
6.539844350573947862e-01
6.510363914852226319e-01
6.422737476265600876e-01
6.279372283168900282e-01
6.084158433282759182e-01
5.842294486378640794e-01
5.560059536034187566e-01
5.244546120432812542e-01
4.903370460805376863e-01
4.544377518530495208e-01
4.175357981917545147e-01
3.803792447425869416e-01
3.436635058454821090e-01
3.080145231454031740e-01
2.739772263532250784e-01
2.420093838648808282e-01
2.124805945360407344e-01
1.856758714767842433e-01
1.618030359977203347e-01
1.410029837226593752e-01
1.233618072153242345e-01
1.089237542481673177e-01
9.770405277927503296e-02
8.970072392320670163e-02
8.490462006676255391e-02
