1.666141267723166008e-01
1.698092401335250246e-01
1.794014478464133200e-01
1.954081055585502602e-01
2.178475084963343300e-01
2.467236144306484968e-01
2.820059674453185838e-01
3.236060719954404474e-01
3.713517429535685976e-01
4.249611890720811913e-01
4.840187677297615454e-01
5.479544527064498238e-01
6.160290462908059039e-01
6.873270116909646621e-01
7.607584894851741053e-01
8.350715963835088074e-01
9.088755037060998188e-01
9.806740921610759276e-01
1.048909224086562730e+00
1.112011907206837735e+00
1.168458897275727937e+00
1.216831686656551614e+00
1.255874456633780278e+00
1.284547495253120619e+00
1.302072782970444598e+00
1.307968870114789572e+00
1.302072782970445264e+00
1.284547495253120175e+00
1.255874456633780056e+00
1.216831686656551836e+00
1.168458897275728159e+00
1.112011907206837513e+00
1.048909224086562508e+00
9.806740921610753725e-01
9.088755037060990416e-01
8.350715963835090294e-01
7.607584894851738833e-01
6.873270116909642180e-01
6.160290462908063480e-01
5.479544527064501569e-01
4.840187677297616564e-01
4.249611890720814689e-01
3.713517429535684866e-01
3.236060719954406695e-01
2.820059674453187504e-01
2.467236144306484691e-01
2.178475084963346353e-01
1.954081055585500659e-01
1.794014478464134033e-01
1.698092401335251078e-01
1.666141267723166008e-01
1.698092401335250246e-01
1.794014478464133200e-01
1.954081055585502602e-01
2.178475084963343300e-01
2.467236144306484968e-01
2.820059674453185838e-01
3.236060719954404474e-01
3.713517429535685976e-01
4.249611890720811913e-01
4.840187677297615454e-01
5.479544527064498238e-01
6.160290462908059039e-01
6.873270116909646621e-01
7.607584894851741053e-01
8.350715963835088074e-01
9.088755037060998188e-01
9.806740921610759276e-01
1.048909224086562730e+00
1.112011907206837735e+00
1.168458897275727937e+00
1.216831686656551614e+00
1.255874456633780278e+00
1.284547495253120619e+00
1.302072782970444598e+00
1.307968870114789572e+00
1.302072782970445264e+00
1.284547495253120175e+00
1.255874456633780056e+00
1.216831686656551836e+00
1.168458897275728159e+00
1.112011907206837513e+00
1.048909224086562508e+00
9.806740921610753725e-01
9.088755037060990416e-01
8.350715963835090294e-01
7.607584894851738833e-01
6.873270116909642180e-01
6.160290462908063480e-01
5.479544527064501569e-01
4.840187677297616564e-01
4.249611890720814689e-01
3.713517429535684866e-01
3.236060719954406695e-01
2.820059674453187504e-01
2.467236144306484691e-01
2.178475084963346353e-01
1.954081055585500659e-01
1.794014478464134033e-01
1.698092401335251078e-01
