3.332282535446332017e-01
3.396184802670500491e-01
3.588028956928266400e-01
3.908162111171005204e-01
4.356950169926686600e-01
4.934472288612969937e-01
5.640119348906371677e-01
6.472121439908808949e-01
7.427034859071371953e-01
8.499223781441623826e-01
9.680375354595230908e-01
1.095908905412899648e+00
1.232058092581611808e+00
1.374654023381929324e+00
1.521516978970348211e+00
1.670143192767017615e+00
1.817751007412199638e+00
1.961348184322151855e+00
2.097818448173125461e+00
2.224023814413675471e+00
2.336917794551455874e+00
2.433663373313103229e+00
2.511748913267560557e+00
2.569094990506241238e+00
2.604145565940889195e+00
2.615937740229579145e+00
2.604145565940890528e+00
2.569094990506240350e+00
2.511748913267560113e+00
2.433663373313103673e+00
2.336917794551456318e+00
2.224023814413675026e+00
2.097818448173125017e+00
1.961348184322150745e+00
1.817751007412198083e+00
1.670143192767018059e+00
1.521516978970347767e+00
1.374654023381928436e+00
1.232058092581612696e+00
1.095908905412900314e+00
9.680375354595233128e-01
8.499223781441629377e-01
7.427034859071369732e-01
6.472121439908813390e-01
5.640119348906375008e-01
4.934472288612969382e-01
4.356950169926692706e-01
3.908162111171001318e-01
3.588028956928268065e-01
3.396184802670502156e-01
3.332282535446332017e-01
3.396184802670500491e-01
3.588028956928266400e-01
3.908162111171005204e-01
4.356950169926686600e-01
4.934472288612969937e-01
5.640119348906371677e-01
6.472121439908808949e-01
7.427034859071371953e-01
8.499223781441623826e-01
9.680375354595230908e-01
1.095908905412899648e+00
1.232058092581611808e+00
1.374654023381929324e+00
1.521516978970348211e+00
1.670143192767017615e+00
1.817751007412199638e+00
1.961348184322151855e+00
2.097818448173125461e+00
2.224023814413675471e+00
2.336917794551455874e+00
2.433663373313103229e+00
2.511748913267560557e+00
2.569094990506241238e+00
2.604145565940889195e+00
2.615937740229579145e+00
2.604145565940890528e+00
2.569094990506240350e+00
2.511748913267560113e+00
2.433663373313103673e+00
2.336917794551456318e+00
2.224023814413675026e+00
2.097818448173125017e+00
1.961348184322150745e+00
1.817751007412198083e+00
1.670143192767018059e+00
1.521516978970347767e+00
1.374654023381928436e+00
1.232058092581612696e+00
1.095908905412900314e+00
9.680375354595233128e-01
8.499223781441629377e-01
7.427034859071369732e-01
6.472121439908813390e-01
5.640119348906375008e-01
4.934472288612969382e-01
4.356950169926692706e-01
3.908162111171001318e-01
3.588028956928268065e-01
3.396184802670502156e-01
