6.664565070892664034e-01
6.792369605341000982e-01
7.176057913856532799e-01
7.816324222342010408e-01
8.713900339853373200e-01
9.868944577225939874e-01
1.128023869781274335e+00
1.294424287981761790e+00
1.485406971814274391e+00
1.699844756288324765e+00
1.936075070919046182e+00
2.191817810825799295e+00
2.464116185163223616e+00
2.749308046763858648e+00
3.043033957940696421e+00
3.340286385534035229e+00
3.635502014824399275e+00
3.922696368644303710e+00
4.195636896346250921e+00
4.448047628827350941e+00
4.673835589102911747e+00
4.867326746626206457e+00
5.023497826535121114e+00
5.138189981012482477e+00
5.208291131881778391e+00
5.231875480459158290e+00
5.208291131881781055e+00
5.138189981012480700e+00
5.023497826535120225e+00
4.867326746626207346e+00
4.673835589102912635e+00
4.448047628827350053e+00
4.195636896346250033e+00
3.922696368644301490e+00
3.635502014824396166e+00
3.340286385534036118e+00
3.043033957940695533e+00
2.749308046763856872e+00
2.464116185163225392e+00
2.191817810825800628e+00
1.936075070919046626e+00
1.699844756288325875e+00
1.485406971814273946e+00
1.294424287981762678e+00
1.128023869781275002e+00
9.868944577225938763e-01
8.713900339853385413e-01
7.816324222342002637e-01
7.176057913856536130e-01
6.792369605341004313e-01
6.664565070892664034e-01
6.792369605341000982e-01
7.176057913856532799e-01
7.816324222342010408e-01
8.713900339853373200e-01
9.868944577225939874e-01
1.128023869781274335e+00
1.294424287981761790e+00
1.485406971814274391e+00
1.699844756288324765e+00
1.936075070919046182e+00
2.191817810825799295e+00
2.464116185163223616e+00
2.749308046763858648e+00
3.043033957940696421e+00
3.340286385534035229e+00
3.635502014824399275e+00
3.922696368644303710e+00
4.195636896346250921e+00
4.448047628827350941e+00
4.673835589102911747e+00
4.867326746626206457e+00
5.023497826535121114e+00
5.138189981012482477e+00
5.208291131881778391e+00
5.231875480459158290e+00
5.208291131881781055e+00
5.138189981012480700e+00
5.023497826535120225e+00
4.867326746626207346e+00
4.673835589102912635e+00
4.448047628827350053e+00
4.195636896346250033e+00
3.922696368644301490e+00
3.635502014824396166e+00
3.340286385534036118e+00
3.043033957940695533e+00
2.749308046763856872e+00
2.464116185163225392e+00
2.191817810825800628e+00
1.936075070919046626e+00
1.699844756288325875e+00
1.485406971814273946e+00
1.294424287981762678e+00
1.128023869781275002e+00
9.868944577225938763e-01
8.713900339853385413e-01
7.816324222342002637e-01
7.176057913856536130e-01
6.792369605341004313e-01
