3.246959957697778343e+00
3.246959957697778787e+00
3.246959957697779231e+00
3.246959957697779231e+00
3.246959957697778343e+00
3.246959957697779231e+00
3.246959957697778787e+00
3.246959957697779231e+00
3.246959957697778787e+00
3.246959957697779675e+00
3.246959957697779231e+00
3.246959957697778787e+00
3.246959957697778787e+00
3.246959957697778787e+00
3.246959957697778343e+00
3.246959957697779231e+00
3.246959957697779231e+00
3.246959957697778787e+00
3.246959957697778787e+00
3.246959957697778787e+00
3.246959957697778343e+00
3.246959957697778343e+00
3.246959957697777899e+00
3.246959957697778343e+00
3.246959957697778343e+00
3.246959957697777455e+00
3.246959957697778787e+00
3.246959957697778343e+00
3.246959957697777455e+00
3.246959957697777899e+00
3.246959957697777899e+00
3.246959957697778343e+00
3.246959957697777899e+00
3.246959957697778343e+00
3.246959957697779231e+00
3.246959957697778343e+00
3.246959957697779231e+00
3.246959957697778343e+00
3.246959957697777899e+00
3.246959957697778787e+00
3.246959957697778787e+00
3.246959957697778343e+00
3.246959957697778343e+00
3.246959957697778343e+00
3.246959957697778787e+00
3.246959957697778343e+00
3.246959957697778343e+00
3.246959957697778787e+00
3.246959957697778343e+00
3.246959957697779231e+00
