3.297058080448955764e+00
3.298663146830913551e+00
3.303895206489328995e+00
3.312759773124161811e+00
3.324491553757825457e+00
3.339039946162198014e+00
3.356219044495519555e+00
3.375794860488773530e+00
3.399321052998585557e+00
3.424226074070831238e+00
3.450371051742391337e+00
3.479271356627991807e+00
3.508612874762109701e+00
3.537872403615105910e+00
3.569055038783553346e+00
3.598639365300784210e+00
3.627648386919950951e+00
3.655844794212993243e+00
3.681375506241021611e+00
3.704809795499534264e+00
3.726177414974688684e+00
3.743729573324011461e+00
3.757589321062257071e+00
3.767620120534089345e+00
3.773694506660367320e+00
3.775728902258430164e+00
3.773694506660371761e+00
3.767620120534094674e+00
3.757589321062268173e+00
3.743729573324023008e+00
3.726177414974701563e+00
3.704809795499548031e+00
3.681375506241036710e+00
3.655844794213007010e+00
3.627648386919962498e+00
3.598639365300795756e+00
3.569055038783565781e+00
3.537872403615115680e+00
3.508612874762119471e+00
3.479271356627998468e+00
3.450371051742397110e+00
3.424226074070837900e+00
3.399321052998589998e+00
3.375794860488777527e+00
3.356219044495521331e+00
3.339039946162199346e+00
3.324491553757825901e+00
3.312759773124161367e+00
3.303895206489327663e+00
3.298663146830913551e+00
