3.338511258777444812e+00
3.343805532365324407e+00
3.359523326409927790e+00
3.387063312438003404e+00
3.423850239884420610e+00
3.471405773869347122e+00
3.527801856973772132e+00
3.592624788266815639e+00
3.666213951363842760e+00
3.747143493683127602e+00
3.834028665992652130e+00
3.925264282748682554e+00
4.019488962083035410e+00
4.115648470579627904e+00
4.212304194730892348e+00
4.307002101581473674e+00
4.398538584878709301e+00
4.485953083547660647e+00
4.566753821119310608e+00
4.639862724538653005e+00
4.704045382508065920e+00
4.758117040729811897e+00
4.801041309122997980e+00
4.832544334685708876e+00
4.851510718029607538e+00
4.857843735322553869e+00
4.851510718029612867e+00
4.832544334685712428e+00
4.801041309123006862e+00
4.758117040729819891e+00
4.704045382508077466e+00
4.639862724538666328e+00
4.566753821119322154e+00
4.485953083547673970e+00
4.398538584878720847e+00
4.307002101581486109e+00
4.212304194730906559e+00
4.115648470579638563e+00
4.019488962083046069e+00
3.925264282748685662e+00
3.834028665992654794e+00
3.747143493683126714e+00
3.666213951363839652e+00
3.592624788266808533e+00
3.527801856973762362e+00
3.471405773869337352e+00
3.423850239884409952e+00
3.387063312437994078e+00
3.359523326409920241e+00
3.343805532365319966e+00
