3.232499196124244634e+00
3.244126717684995942e+00
3.279037358724580464e+00
3.336868167145043085e+00
3.418287879751870761e+00
3.520886574348225384e+00
3.644527868300854845e+00
3.787052914824697414e+00
3.947193930214046187e+00
4.121596758100356084e+00
4.307737575453934653e+00
4.502262738048298907e+00
4.701691717055752839e+00
4.902925797240478722e+00
5.102263120417681819e+00
5.296506219763046808e+00
5.482766190735911316e+00
5.658044222610779883e+00
5.819718201977251759e+00
5.965317305569079132e+00
6.092613055194861182e+00
6.199630648141194911e+00
6.284689873404168736e+00
6.346438465855660738e+00
6.383892108423403933e+00
6.396442355299408966e+00
6.383892108423410150e+00
6.346438465855659850e+00
6.284689873404182947e+00
6.199630648141207345e+00
6.092613055194877170e+00
5.965317305569096895e+00
5.819718201977265970e+00
5.658044222610795870e+00
5.482766190735918421e+00
5.296506219763055689e+00
5.102263120417690700e+00
4.902925797240481387e+00
4.701691717055759945e+00
4.502262738048294466e+00
4.307737575453929324e+00
4.121596758100347202e+00
3.947193930214038637e+00
3.787052914824682759e+00
3.644527868300837969e+00
3.520886574348209841e+00
3.418287879751856551e+00
3.336868167145031983e+00
3.279037358724569806e+00
3.244126717684988837e+00
