3.146135919569557959e+00
3.159249863279677939e+00
3.198576113699997947e+00
3.264751672932764137e+00
3.357923240152445477e+00
3.478872791538099918e+00
3.627092180668896049e+00
3.801936413942859083e+00
4.001715998703044619e+00
4.223870040038713469e+00
4.464989070765209789e+00
4.721297119103893714e+00
4.988636418003672190e+00
5.262740561808779916e+00
5.539147046613845049e+00
5.813253924536851969e+00
6.080297283213832671e+00
6.335463313275191410e+00
6.574005702557895070e+00
6.791350943352417069e+00
6.983241329136983033e+00
7.145855460461461028e+00
7.275913723027757740e+00
7.370767930611033414e+00
7.428473403385364549e+00
7.447841804126936971e+00
7.428473403385373430e+00
7.370767930611026308e+00
7.275913723027765734e+00
7.145855460461460140e+00
6.983241329136986586e+00
6.791350943352420622e+00
6.574005702557892405e+00
6.335463313275192299e+00
6.080297283213828230e+00
5.813253924536855521e+00
5.539147046613853043e+00
5.262740561808787021e+00
4.988636418003692619e+00
4.721297119103901707e+00
4.464989070765219559e+00
4.223870040038724127e+00
4.001715998703056165e+00
3.801936413942859971e+00
3.627092180668891608e+00
3.478872791538095921e+00
3.357923240152439703e+00
3.264751672932758364e+00
3.198576113699992174e+00
3.159249863279673498e+00
