2.100175239191315768e+00
2.100175239191319765e+00
2.100175239191323762e+00
2.100175239191323762e+00
2.100175239191325538e+00
2.100175239191325982e+00
2.100175239191330423e+00
2.100175239191324650e+00
2.100175239191322873e+00
2.100175239191323762e+00
2.100175239191321541e+00
2.100175239191321985e+00
2.100175239191320209e+00
2.100175239191321541e+00
2.100175239191323318e+00
2.100175239191322429e+00
2.100175239191321097e+00
2.100175239191324650e+00
2.100175239191322429e+00
2.100175239191317988e+00
2.100175239191318433e+00
2.100175239191313992e+00
2.100175239191310439e+00
2.100175239191306442e+00
2.100175239191302445e+00
2.100175239191298893e+00
2.100175239191301557e+00
2.100175239191298449e+00
2.100175239191298893e+00
2.100175239191302001e+00
2.100175239191303334e+00
2.100175239191306442e+00
2.100175239191310439e+00
2.100175239191311771e+00
2.100175239191314436e+00
2.100175239191315324e+00
2.100175239191316656e+00
2.100175239191313992e+00
2.100175239191314880e+00
2.100175239191313104e+00
2.100175239191312659e+00
2.100175239191312659e+00
2.100175239191310883e+00
2.100175239191310883e+00
2.100175239191312215e+00
2.100175239191311771e+00
2.100175239191311771e+00
2.100175239191312659e+00
2.100175239191313548e+00
2.100175239191313992e+00
