2.054191877325412641e+00
2.054232072897943961e+00
2.053657893442716098e+00
2.052401291317272669e+00
2.051534366667420173e+00
2.050928774320286418e+00
2.050611685636225090e+00
2.050623813865283029e+00
2.048062697527968101e+00
2.046681560201997652e+00
2.046123930591873030e+00
2.043275991981152728e+00
2.041390224140927856e+00
2.040554516652756334e+00
2.036617606106676082e+00
2.034804721302011732e+00
2.032457797316277404e+00
2.029247050121302021e+00
2.027545275306223083e+00
2.025530370171564787e+00
2.022476133650819463e+00
2.020831255120691061e+00
2.019794760481037788e+00
2.019154988817220886e+00
2.018806761958788609e+00
2.018696295630650006e+00
2.018806761958800156e+00
2.019154988817231988e+00
2.019794760481058660e+00
2.020831255120715486e+00
2.022476133650844776e+00
2.025530370171585659e+00
2.027545275306235961e+00
2.029247050121316231e+00
2.032457797316288506e+00
2.034804721302014840e+00
2.036617606106682743e+00
2.040554516652758110e+00
2.041390224140934961e+00
2.043275991981155393e+00
2.046123930591877471e+00
2.046681560202001204e+00
2.048062697527974763e+00
2.050623813865288803e+00
2.050611685636230863e+00
2.050928774320295300e+00
2.051534366667426390e+00
2.052401291317281107e+00
2.053657893442720983e+00
2.054232072897945738e+00
