1.940257403012101145e+00
1.940067111982301862e+00
1.939662660556642493e+00
1.936339017007419949e+00
1.933999726375537076e+00
1.929159279572803198e+00
1.924194981322647990e+00
1.918635060752389210e+00
1.910215071448653434e+00
1.899645220227967446e+00
1.887416259147323805e+00
1.874250628659754891e+00
1.860229236470237746e+00
1.844597821251047876e+00
1.827330751864669978e+00
1.810604527986885870e+00
1.793880103151469729e+00
1.776052846547725883e+00
1.759908404407129590e+00
1.745044740142218664e+00
1.731726951864194897e+00
1.720458068365608328e+00
1.711799834865154635e+00
1.704621483353844669e+00
1.700693343211811648e+00
1.699445441628617770e+00
1.700693343211811204e+00
1.704621483353842670e+00
1.711799834865155523e+00
1.720458068365606552e+00
1.731726951864194897e+00
1.745044740142220885e+00
1.759908404407129590e+00
1.776052846547728548e+00
1.793880103151469951e+00
1.810604527986886092e+00
1.827330751864666647e+00
1.844597821251042991e+00
1.860229236470237080e+00
1.874250628659747786e+00
1.887416259147317366e+00
1.899645220227956788e+00
1.910215071448646329e+00
1.918635060752380994e+00
1.924194981322637554e+00
1.929159279572794317e+00
1.933999726375530859e+00
1.936339017007415952e+00
1.939662660556638274e+00
1.940067111982299419e+00
