1.707368978796980130e+00
1.706230787101804536e+00
1.702464147912550185e+00
1.696059864255751171e+00
1.684242989518222267e+00
1.669729225291854968e+00
1.649932834021849093e+00
1.625730010001853021e+00
1.595210646071539173e+00
1.560581499793950000e+00
1.521588606938668597e+00
1.479659389407474990e+00
1.436472146663271277e+00
1.392473985820889881e+00
1.350170386221990704e+00
1.310721603783273403e+00
1.274335814821284441e+00
1.242050913293208048e+00
1.213892023518374108e+00
1.189905785796812054e+00
1.169963192450220291e+00
1.153914372499000862e+00
1.141606242625725853e+00
1.132921441643701455e+00
1.127738888665400063e+00
1.126028605531404159e+00
1.127738888665400063e+00
1.132921441643699678e+00
1.141606242625724743e+00
1.153914372499000862e+00
1.169963192450221401e+00
1.189905785796813387e+00
1.213892023518376106e+00
1.242050913293210268e+00
1.274335814821285107e+00
1.310721603783271405e+00
1.350170386221988705e+00
1.392473985820886329e+00
1.436472146663270166e+00
1.479659389407472325e+00
1.521588606938666377e+00
1.560581499793947557e+00
1.595210646071536953e+00
1.625730010001852355e+00
1.649932834021846428e+00
1.669729225291851193e+00
1.684242989518218270e+00
1.696059864255748284e+00
1.702464147912545744e+00
1.706230787101801871e+00
