1.404600768813719869e+00
1.402312620813539024e+00
1.395632298769610369e+00
1.383636035722046964e+00
1.366458495406363882e+00
1.342379410456984168e+00
1.311857355226289323e+00
1.274471224766638544e+00
1.230904704989203680e+00
1.182662423256550799e+00
1.132334817681053263e+00
1.082274558329739511e+00
1.034846372314899066e+00
9.913624256947174418e-01
9.524834534857663515e-01
9.181414527314512020e-01
8.881118342337245286e-01
8.620474613036859246e-01
8.395707288968564663e-01
8.204577556613396050e-01
8.045418123529579635e-01
7.916913796816078541e-01
7.818024101217772026e-01
7.747952660053871732e-01
7.706134866291287633e-01
7.692233072022924834e-01
7.706134866291294294e-01
7.747952660053883944e-01
7.818024101217777577e-01
7.916913796816089643e-01
8.045418123529580745e-01
8.204577556613390499e-01
8.395707288968555781e-01
8.620474613036847034e-01
8.881118342337246396e-01
9.181414527314513130e-01
9.524834534857673507e-01
9.913624256947187741e-01
1.034846372314901730e+00
1.082274558329741287e+00
1.132334817681054817e+00
1.182662423256552131e+00
1.230904704989204124e+00
1.274471224766638322e+00
1.311857355226288879e+00
1.342379410456981281e+00
1.366458495406358553e+00
1.383636035722043856e+00
1.395632298769606150e+00
1.402312620813536359e+00
