8.591965608512065462e-05
1.650054545602435275e-04
-2.779692192565582027e-04
-2.595231704279391677e-03
-8.063452842524406611e-03
-1.593548401163965081e-02
-2.326069526301417431e-02
-2.737014018655680933e-02
-2.737014018655680586e-02
-2.326069526301416390e-02
-1.593548401163964387e-02
-8.063452842524392733e-03
-2.595231704279378666e-03
-2.779692192565556548e-04
1.650054545602438528e-04
8.591965608512085791e-05
7.087761666317417080e-05
-4.776111782727355138e-04
-3.178684328715065781e-03
-9.082662482791260122e-03
-1.440205288553153551e-02
-1.046029968848287937e-02
5.542345335558362951e-03
2.152678520474147691e-02
2.152678520474148732e-02
5.542345335558362951e-03
-1.046029968848284121e-02
-1.440205288553150775e-02
-9.082662482791225428e-03
-3.178684328715057975e-03
-4.776111782727322612e-04
7.087761666317395396e-05
-2.631915970841347064e-04
-1.976544815724398836e-03
-5.185690214301391480e-03
-1.595146179441033407e-03
3.024660876573560114e-02
1.073455908539373421e-01
2.107440283736433106e-01
2.859634205333538848e-01
2.859634205333538293e-01
2.107440283736432274e-01
1.073455908539373005e-01
3.024660876573551441e-02
-1.595146179441082413e-03
-5.185690214301394950e-03
-1.976544815724397535e-03
-2.631915970841344895e-04
-7.588872124600243730e-04
-2.095027492686005882e-03
2.900510847073113716e-03
3.658906703086727691e-02
1.208353969753362539e-01
2.330733582642631474e-01
3.111938594760131904e-01
3.338183733091015792e-01
3.338183733091014682e-01
3.111938594760131349e-01
2.330733582642631196e-01
1.208353969753361012e-01
3.658906703086710344e-02
2.900510847073078588e-03
-2.095027492686016724e-03
-7.588872124600255656e-04
-7.389885438916948043e-04
9.906788655788219874e-04
1.668701245904386996e-02
5.473802543600660847e-02
6.103683418511396397e-02
-1.058089092819475829e-01
-5.008560996131389276e-01
-8.763369563268489371e-01
-8.763369563268487150e-01
-5.008560996131385945e-01
-1.058089092819478882e-01
6.103683418511381825e-02
5.473802543600643500e-02
1.668701245904382832e-02
9.906788655788135306e-04
-7.389885438916976232e-04
-8.072048415827614654e-05
3.977439926041052148e-03
1.524335691411324648e-02
-2.910150107930950872e-03
-1.925313083342558296e-01
-7.418899653913380021e-01
-1.598688588897055673e+00
-2.290538681624306960e+00
-2.290538681624306516e+00
-1.598688588897055007e+00
-7.418899653913381131e-01
-1.925313083342554688e-01
-2.910150107930748343e-03
1.524335691411327597e-02
3.977439926041051281e-03
-8.072048415827187749e-05
4.924737555792454372e-04
3.375926284047223256e-03
-7.263139462786345757e-06
-5.282386601848045732e-02
-2.068161089338333702e-01
-4.064507154507960851e-01
-4.952341468589937512e-01
-4.610440570012432349e-01
-4.610440570012430683e-01
-4.952341468589933626e-01
-4.064507154507954745e-01
-2.068161089338327041e-01
-5.282386601847988833e-02
-7.263139462645670525e-06
3.375926284047270094e-03
4.924737555792498825e-04
6.399343669839308631e-04
1.413088993049480598e-03
-8.573848058206632455e-03
-2.920680653843520450e-02
9.533161006863564990e-02
7.770473431710355205e-01
2.187997463044604629e+00
3.505903821382856389e+00
3.505903821382855501e+00
2.187997463044602853e+00
7.770473431710357426e-01
9.533161006863563602e-02
-2.920680653843510735e-02
-8.573848058206563066e-03
1.413088993049508788e-03
6.399343669839355252e-04
6.399343669839424641e-04
1.413088993049532640e-03
-8.573848058206514494e-03
-2.920680653843505184e-02
9.533161006863571929e-02
7.770473431710348544e-01
2.187997463044603297e+00
3.505903821382853280e+00
3.505903821382852836e+00
2.187997463044601076e+00
7.770473431710346324e-01
9.533161006863508091e-02
-2.920680653843527042e-02
-8.573848058206625516e-03
1.413088993049494693e-03
6.399343669839357420e-04
4.924737555792538940e-04
3.375926284047282670e-03
-7.263139462615096024e-06
-5.282386601848013119e-02
-2.068161089338331482e-01
-4.064507154507967512e-01
-4.952341468589961382e-01
-4.610440570012471206e-01
-4.610440570012475647e-01
-4.952341468589966378e-01
-4.064507154507973063e-01
-2.068161089338333147e-01
-5.282386601848020752e-02
-7.263139462787863640e-06
3.375926284047232797e-03
4.924737555792528098e-04
-8.072048415827187749e-05
3.977439926041063424e-03
1.524335691411327597e-02
-2.910150107930925718e-03
-1.925313083342558018e-01
-7.418899653913381131e-01
-1.598688588897055673e+00
-2.290538681624306516e+00
-2.290538681624306516e+00
-1.598688588897055007e+00
-7.418899653913380021e-01
-1.925313083342554410e-01
-2.910150107930853727e-03
1.524335691411324648e-02
3.977439926041046944e-03
-8.072048415827614654e-05
-7.389885438916953464e-04
9.906788655788098443e-04
1.668701245904383179e-02
5.473802543600650439e-02
6.103683418511394315e-02
-1.058089092819472360e-01
-5.008560996131378174e-01
-8.763369563268471607e-01
-8.763369563268468276e-01
-5.008560996131370402e-01
-1.058089092819469862e-01
6.103683418511416520e-02
5.473802543600649745e-02
1.668701245904387342e-02
9.906788655788107117e-04
-7.389885438916981653e-04
-7.588872124600233972e-04
-2.095027492686013688e-03
2.900510847073046496e-03
3.658906703086713813e-02
1.208353969753360735e-01
2.330733582642631752e-01
3.111938594760137455e-01
3.338183733091025229e-01
3.338183733091025229e-01
3.111938594760136900e-01
2.330733582642632584e-01
1.208353969753360180e-01
3.658906703086708262e-02
2.900510847073066879e-03
-2.095027492686004147e-03
-7.588872124600241562e-04
-2.631915970841344895e-04
-1.976544815724399703e-03
-5.185690214301394950e-03
-1.595146179441039695e-03
3.024660876573556298e-02
1.073455908539373144e-01
2.107440283736433384e-01
2.859634205333538293e-01
2.859634205333538293e-01
2.107440283736432551e-01
1.073455908539373421e-01
3.024660876573552828e-02
-1.595146179441063114e-03
-5.185690214301391480e-03
-1.976544815724393198e-03
-2.631915970841347064e-04
7.087761666317411659e-05
-4.776111782727323696e-04
-3.178684328715054505e-03
-9.082662482791239306e-03
-1.440205288553151990e-02
-1.046029968848288284e-02
5.542345335558262337e-03
2.152678520474132773e-02
2.152678520474130344e-02
5.542345335558212030e-03
-1.046029968848291580e-02
-1.440205288553154418e-02
-9.082662482791242775e-03
-3.178684328715062311e-03
-4.776111782727343212e-04
7.087761666317389975e-05
8.591965608512085791e-05
1.650054545602439070e-04
-2.779692192565556548e-04
-2.595231704279387340e-03
-8.063452842524397937e-03
-1.593548401163964387e-02
-2.326069526301417778e-02
-2.737014018655681627e-02
-2.737014018655680239e-02
-2.326069526301417431e-02
-1.593548401163965081e-02
-8.063452842524396202e-03
-2.595231704279381702e-03
-2.779692192565582027e-04
1.650054545602436360e-04
8.591965608512065462e-05
