1.718393121702413092e-04
3.300109091204870551e-04
-5.559384385131164053e-04
-5.190463408558783354e-03
-1.612690568504881322e-02
-3.187096802327930162e-02
-4.652139052602834862e-02
-5.474028037311361866e-02
-5.474028037311361172e-02
-4.652139052602832781e-02
-3.187096802327928774e-02
-1.612690568504878547e-02
-5.190463408558757333e-03
-5.559384385131113096e-04
3.300109091204877056e-04
1.718393121702417158e-04
1.417552333263483416e-04
-9.552223565454710276e-04
-6.357368657430131562e-03
-1.816532496558252024e-02
-2.880410577106307102e-02
-2.092059937696575875e-02
1.108469067111672590e-02
4.305357040948295383e-02
4.305357040948297465e-02
1.108469067111672590e-02
-2.092059937696568242e-02
-2.880410577106301551e-02
-1.816532496558245086e-02
-6.357368657430115949e-03
-9.552223565454645224e-04
1.417552333263479079e-04
-5.263831941682694127e-04
-3.953089631448797672e-03
-1.037138042860278296e-02
-3.190292358882066814e-03
6.049321753147120229e-02
2.146911817078746842e-01
4.214880567472866213e-01
5.719268410667077696e-01
5.719268410667076585e-01
4.214880567472864548e-01
2.146911817078746010e-01
6.049321753147102881e-02
-3.190292358882164826e-03
-1.037138042860278990e-02
-3.953089631448795070e-03
-5.263831941682689790e-04
-1.517774424920048746e-03
-4.190054985372011764e-03
5.801021694146227432e-03
7.317813406173455382e-02
2.416707939506725078e-01
4.661467165285262948e-01
6.223877189520263808e-01
6.676367466182031585e-01
6.676367466182029364e-01
6.223877189520262698e-01
4.661467165285262393e-01
2.416707939506722025e-01
7.317813406173420687e-02
5.801021694146157176e-03
-4.190054985372033448e-03
-1.517774424920051131e-03
-1.477977087783389609e-03
1.981357731157643975e-03
3.337402491808773991e-02
1.094760508720132169e-01
1.220736683702279279e-01
-2.116178185638951659e-01
-1.001712199226277855e+00
-1.752673912653697874e+00
-1.752673912653697430e+00
-1.001712199226277189e+00
-2.116178185638957765e-01
1.220736683702276365e-01
1.094760508720128700e-01
3.337402491808765664e-02
1.981357731157627061e-03
-1.477977087783395246e-03
-1.614409683165522931e-04
7.954879852082104297e-03
3.048671382822649295e-02
-5.820300215861901744e-03
-3.850626166685116591e-01
-1.483779930782676004e+00
-3.197377177794111347e+00
-4.581077363248613921e+00
-4.581077363248613032e+00
-3.197377177794110015e+00
-1.483779930782676226e+00
-3.850626166685109375e-01
-5.820300215861496686e-03
3.048671382822655193e-02
7.954879852082102562e-03
-1.614409683165437550e-04
9.849475111584908744e-04
6.751852568094446512e-03
-1.452627892557269151e-05
-1.056477320369609146e-01
-4.136322178676667405e-01
-8.129014309015921702e-01
-9.904682937179875024e-01
-9.220881140024864697e-01
-9.220881140024861367e-01
-9.904682937179867253e-01
-8.129014309015909490e-01
-4.136322178676654082e-01
-1.056477320369597767e-01
-1.452627892529134105e-05
6.751852568094540187e-03
9.849475111584997649e-04
1.279868733967861726e-03
2.826177986098961196e-03
-1.714769611641326491e-02
-5.841361307687040899e-02
1.906632201372712998e-01
1.554094686342071041e+00
4.375994926089209258e+00
7.011807642765712778e+00
7.011807642765711002e+00
4.375994926089205705e+00
1.554094686342071485e+00
1.906632201372712720e-01
-5.841361307687021470e-02
-1.714769611641312613e-02
2.826177986099017575e-03
1.279868733967871050e-03
1.279868733967884928e-03
2.826177986099065280e-03
-1.714769611641302899e-02
-5.841361307687010368e-02
1.906632201372714386e-01
1.554094686342069709e+00
4.375994926089206594e+00
7.011807642765706561e+00
7.011807642765705673e+00
4.375994926089202153e+00
1.554094686342069265e+00
1.906632201372701618e-01
-5.841361307687054083e-02
-1.714769611641325103e-02
2.826177986098989386e-03
1.279868733967871484e-03
9.849475111585077880e-04
6.751852568094565341e-03
-1.452627892523019205e-05
-1.056477320369602624e-01
-4.136322178676662964e-01
-8.129014309015935025e-01
-9.904682937179922764e-01
-9.220881140024942413e-01
-9.220881140024951295e-01
-9.904682937179932756e-01
-8.129014309015946127e-01
-4.136322178676666295e-01
-1.056477320369604150e-01
-1.452627892557572728e-05
6.751852568094465594e-03
9.849475111585056196e-04
-1.614409683165437550e-04
7.954879852082126848e-03
3.048671382822655193e-02
-5.820300215861851437e-03
-3.850626166685116036e-01
-1.483779930782676226e+00
-3.197377177794111347e+00
-4.581077363248613032e+00
-4.581077363248613032e+00
-3.197377177794110015e+00
-1.483779930782676004e+00
-3.850626166685108820e-01
-5.820300215861707455e-03
3.048671382822649295e-02
7.954879852082093888e-03
-1.614409683165522931e-04
-1.477977087783390693e-03
1.981357731157619689e-03
3.337402491808766358e-02
1.094760508720130088e-01
1.220736683702278863e-01
-2.116178185638944720e-01
-1.001712199226275635e+00
-1.752673912653694321e+00
-1.752673912653693655e+00
-1.001712199226274080e+00
-2.116178185638939724e-01
1.220736683702283304e-01
1.094760508720129949e-01
3.337402491808774685e-02
1.981357731157621423e-03
-1.477977087783396331e-03
-1.517774424920046794e-03
-4.190054985372027377e-03
5.801021694146092991e-03
7.317813406173427626e-02
2.416707939506721470e-01
4.661467165285263503e-01
6.223877189520274911e-01
6.676367466182050459e-01
6.676367466182050459e-01
6.223877189520273800e-01
4.661467165285265168e-01
2.416707939506720360e-01
7.317813406173416524e-02
5.801021694146133757e-03
-4.190054985372008295e-03
-1.517774424920048312e-03
-5.263831941682689790e-04
-3.953089631448799407e-03
-1.037138042860278990e-02
-3.190292358882079390e-03
6.049321753147112596e-02
2.146911817078746287e-01
4.214880567472866768e-01
5.719268410667076585e-01
5.719268410667076585e-01
4.214880567472865103e-01
2.146911817078746842e-01
6.049321753147105657e-02
-3.190292358882126228e-03
-1.037138042860278296e-02
-3.953089631448786397e-03
-5.263831941682694127e-04
1.417552333263482332e-04
-9.552223565454647392e-04
-6.357368657430109010e-03
-1.816532496558247861e-02
-2.880410577106303979e-02
-2.092059937696576569e-02
1.108469067111652467e-02
4.305357040948265546e-02
4.305357040948260688e-02
1.108469067111642406e-02
-2.092059937696583161e-02
-2.880410577106308836e-02
-1.816532496558248555e-02
-6.357368657430124623e-03
-9.552223565454686423e-04
1.417552333263477995e-04
1.718393121702417158e-04
3.300109091204878140e-04
-5.559384385131113096e-04
-5.190463408558774680e-03
-1.612690568504879587e-02
-3.187096802327928774e-02
-4.652139052602835556e-02
-5.474028037311363254e-02
-5.474028037311360478e-02
-4.652139052602834862e-02
-3.187096802327930162e-02
-1.612690568504879240e-02
-5.190463408558763404e-03
-5.559384385131164053e-04
3.300109091204872719e-04
1.718393121702413092e-04
