3.436786243404826185e-04
6.600218182409741102e-04
-1.111876877026232811e-03
-1.038092681711756671e-02
-3.225381137009762644e-02
-6.374193604655860323e-02
-9.304278105205669724e-02
-1.094805607462272373e-01
-1.094805607462272234e-01
-9.304278105205665561e-02
-6.374193604655857548e-02
-3.225381137009757093e-02
-1.038092681711751467e-02
-1.111876877026222619e-03
6.600218182409754112e-04
3.436786243404834316e-04
2.835104666526966832e-04
-1.910444713090942055e-03
-1.271473731486026312e-02
-3.633064993116504049e-02
-5.760821154212614204e-02
-4.184119875393151750e-02
2.216938134223345180e-02
8.610714081896590766e-02
8.610714081896594929e-02
2.216938134223345180e-02
-4.184119875393136484e-02
-5.760821154212603101e-02
-3.633064993116490171e-02
-1.271473731486023190e-02
-1.910444713090929045e-03
2.835104666526958158e-04
-1.052766388336538825e-03
-7.906179262897595345e-03
-2.074276085720556592e-02
-6.380584717764133627e-03
1.209864350629424046e-01
4.293823634157493685e-01
8.429761134945732426e-01
1.143853682133415539e+00
1.143853682133415317e+00
8.429761134945729095e-01
4.293823634157492020e-01
1.209864350629420576e-01
-6.380584717764329651e-03
-2.074276085720557980e-02
-7.906179262897590140e-03
-1.052766388336537958e-03
-3.035548849840097492e-03
-8.380109970744023529e-03
1.160204338829245486e-02
1.463562681234691076e-01
4.833415879013450156e-01
9.322934330570525896e-01
1.244775437904052762e+00
1.335273493236406317e+00
1.335273493236405873e+00
1.244775437904052540e+00
9.322934330570524786e-01
4.833415879013444050e-01
1.463562681234684137e-01
1.160204338829231435e-02
-8.380109970744066897e-03
-3.035548849840102262e-03
-2.955954175566779217e-03
3.962715462315287950e-03
6.674804983617547982e-02
2.189521017440264339e-01
2.441473367404558559e-01
-4.232356371277903317e-01
-2.003424398452555710e+00
-3.505347825307395748e+00
-3.505347825307394860e+00
-2.003424398452554378e+00
-4.232356371277915530e-01
2.441473367404552730e-01
2.189521017440257400e-01
6.674804983617531329e-02
3.962715462315254122e-03
-2.955954175566790493e-03
-3.228819366331045861e-04
1.590975970416420859e-02
6.097342765645298590e-02
-1.164060043172380349e-02
-7.701252333370233183e-01
-2.967559861565352008e+00
-6.394754355588222694e+00
-9.162154726497227841e+00
-9.162154726497226065e+00
-6.394754355588220029e+00
-2.967559861565352453e+00
-7.701252333370218750e-01
-1.164060043172299337e-02
6.097342765645310386e-02
1.590975970416420512e-02
-3.228819366330875100e-04
1.969895022316981749e-03
1.350370513618889302e-02
-2.905255785114538303e-05
-2.112954640739218293e-01
-8.272644357353334810e-01
-1.625802861803184340e+00
-1.980936587435975005e+00
-1.844176228004972939e+00
-1.844176228004972273e+00
-1.980936587435973451e+00
-1.625802861803181898e+00
-8.272644357353308164e-01
-2.112954640739195533e-01
-2.905255785058268210e-05
1.350370513618908037e-02
1.969895022316999530e-03
2.559737467935723453e-03
5.652355972197922393e-03
-3.429539223282652982e-02
-1.168272261537408180e-01
3.813264402745425996e-01
3.108189372684142082e+00
8.751989852178418516e+00
1.402361528553142556e+01
1.402361528553142200e+01
8.751989852178411411e+00
3.108189372684142970e+00
3.813264402745425441e-01
-1.168272261537404294e-01
-3.429539223282625227e-02
5.652355972198035150e-03
2.559737467935742101e-03
2.559737467935769856e-03
5.652355972198130560e-03
-3.429539223282605798e-02
-1.168272261537402074e-01
3.813264402745428772e-01
3.108189372684139418e+00
8.751989852178413187e+00
1.402361528553141312e+01
1.402361528553141135e+01
8.751989852178404306e+00
3.108189372684138529e+00
3.813264402745403236e-01
-1.168272261537410817e-01
-3.429539223282650207e-02
5.652355972197978771e-03
2.559737467935742968e-03
1.969895022317015576e-03
1.350370513618913068e-02
-2.905255785046038410e-05
-2.112954640739205248e-01
-8.272644357353325928e-01
-1.625802861803187005e+00
-1.980936587435984553e+00
-1.844176228004988483e+00
-1.844176228004990259e+00
-1.980936587435986551e+00
-1.625802861803189225e+00
-8.272644357353332589e-01
-2.112954640739208301e-01
-2.905255785115145456e-05
1.350370513618893119e-02
1.969895022317011239e-03
-3.228819366330875100e-04
1.590975970416425370e-02
6.097342765645310386e-02
-1.164060043172370287e-02
-7.701252333370232073e-01
-2.967559861565352453e+00
-6.394754355588222694e+00
-9.162154726497226065e+00
-9.162154726497226065e+00
-6.394754355588220029e+00
-2.967559861565352008e+00
-7.701252333370217640e-01
-1.164060043172341491e-02
6.097342765645298590e-02
1.590975970416418778e-02
-3.228819366331045861e-04
-2.955954175566781385e-03
3.962715462315239377e-03
6.674804983617532717e-02
2.189521017440260175e-01
2.441473367404557726e-01
-4.232356371277889440e-01
-2.003424398452551269e+00
-3.505347825307388643e+00
-3.505347825307387311e+00
-2.003424398452548161e+00
-4.232356371277879448e-01
2.441473367404566608e-01
2.189521017440259898e-01
6.674804983617549370e-02
3.962715462315242847e-03
-2.955954175566792661e-03
-3.035548849840093589e-03
-8.380109970744054754e-03
1.160204338829218598e-02
1.463562681234685525e-01
4.833415879013442940e-01
9.322934330570527006e-01
1.244775437904054982e+00
1.335273493236410092e+00
1.335273493236410092e+00
1.244775437904054760e+00
9.322934330570530337e-01
4.833415879013440719e-01
1.463562681234683305e-01
1.160204338829226751e-02
-8.380109970744016590e-03
-3.035548849840096625e-03
-1.052766388336537958e-03
-7.906179262897598814e-03
-2.074276085720557980e-02
-6.380584717764158781e-03
1.209864350629422519e-01
4.293823634157492575e-01
8.429761134945733536e-01
1.143853682133415317e+00
1.143853682133415317e+00
8.429761134945730205e-01
4.293823634157493685e-01
1.209864350629421131e-01
-6.380584717764252456e-03
-2.074276085720556592e-02
-7.906179262897572793e-03
-1.052766388336538825e-03
2.835104666526964664e-04
-1.910444713090929478e-03
-1.271473731486021802e-02
-3.633064993116495722e-02
-5.760821154212607959e-02
-4.184119875393153137e-02
2.216938134223304935e-02
8.610714081896531091e-02
8.610714081896521377e-02
2.216938134223284812e-02
-4.184119875393166321e-02
-5.760821154212617673e-02
-3.633064993116497110e-02
-1.271473731486024925e-02
-1.910444713090937285e-03
2.835104666526955990e-04
3.436786243404834316e-04
6.600218182409756280e-04
-1.111876877026222619e-03
-1.038092681711754936e-02
-3.225381137009759175e-02
-6.374193604655857548e-02
-9.304278105205671112e-02
-1.094805607462272651e-01
-1.094805607462272096e-01
-9.304278105205669724e-02
-6.374193604655860323e-02
-3.225381137009758481e-02
-1.038092681711752681e-02
-1.111876877026232811e-03
6.600218182409745438e-04
3.436786243404826185e-04
