6.873572486809652370e-04
1.320043636481948220e-03
-2.223753754052465621e-03
-2.076185363423513341e-02
-6.450762274019525289e-02
-1.274838720931172065e-01
-1.860855621041133945e-01
-2.189611214924544746e-01
-2.189611214924544469e-01
-1.860855621041133112e-01
-1.274838720931171510e-01
-6.450762274019514186e-02
-2.076185363423502933e-02
-2.223753754052445238e-03
1.320043636481950822e-03
6.873572486809668633e-04
5.670209333053933664e-04
-3.820889426181884110e-03
-2.542947462972052625e-02
-7.266129986233008098e-02
-1.152164230842522841e-01
-8.368239750786303499e-02
4.433876268446690361e-02
1.722142816379318153e-01
1.722142816379318986e-01
4.433876268446690361e-02
-8.368239750786272968e-02
-1.152164230842520620e-01
-7.266129986232980342e-02
-2.542947462972046380e-02
-3.820889426181858090e-03
5.670209333053916317e-04
-2.105532776673077651e-03
-1.581235852579519069e-02
-4.148552171441113184e-02
-1.276116943552826725e-02
2.419728701258848091e-01
8.587647268314987370e-01
1.685952226989146485e+00
2.287707364266831078e+00
2.287707364266830634e+00
1.685952226989145819e+00
8.587647268314984039e-01
2.419728701258841153e-01
-1.276116943552865930e-02
-4.148552171441115960e-02
-1.581235852579518028e-02
-2.105532776673075916e-03
-6.071097699680194984e-03
-1.676021994148804706e-02
2.320408677658490973e-02
2.927125362469382153e-01
9.666831758026900312e-01
1.864586866114105179e+00
2.489550875808105523e+00
2.670546986472812634e+00
2.670546986472811746e+00
2.489550875808105079e+00
1.864586866114104957e+00
9.666831758026888100e-01
2.927125362469368275e-01
2.320408677658462870e-02
-1.676021994148813379e-02
-6.071097699680204525e-03
-5.911908351133558434e-03
7.925430924630575899e-03
1.334960996723509596e-01
4.379042034880528678e-01
4.882946734809117117e-01
-8.464712742555806635e-01
-4.006848796905111421e+00
-7.010695650614791496e+00
-7.010695650614789720e+00
-4.006848796905108756e+00
-8.464712742555831060e-01
4.882946734809105460e-01
4.379042034880514800e-01
1.334960996723506266e-01
7.925430924630508245e-03
-5.911908351133580986e-03
-6.457638732662091723e-04
3.181951940832841719e-02
1.219468553129059718e-01
-2.328120086344760697e-02
-1.540250466674046637e+00
-5.935119723130704017e+00
-1.278950871117644539e+01
-1.832430945299445568e+01
-1.832430945299445213e+01
-1.278950871117644006e+01
-5.935119723130704905e+00
-1.540250466674043750e+00
-2.328120086344598674e-02
1.219468553129062077e-01
3.181951940832841025e-02
-6.457638732661750199e-04
3.939790044633963498e-03
2.700741027237778605e-02
-5.810511570229076606e-05
-4.225909281478436585e-01
-1.654528871470666962e+00
-3.251605723606368681e+00
-3.961873174871950010e+00
-3.688352456009945879e+00
-3.688352456009944547e+00
-3.961873174871946901e+00
-3.251605723606363796e+00
-1.654528871470661633e+00
-4.225909281478391066e-01
-5.810511570116536420e-05
2.700741027237816075e-02
3.939790044633999060e-03
5.119474935871446905e-03
1.130471194439584479e-02
-6.859078446565305964e-02
-2.336544523074816360e-01
7.626528805490851992e-01
6.216378745368284164e+00
1.750397970435683703e+01
2.804723057106285111e+01
2.804723057106284401e+01
1.750397970435682282e+01
6.216378745368285941e+00
7.626528805490850882e-01
-2.336544523074808588e-01
-6.859078446565250453e-02
1.130471194439607030e-02
5.119474935871484202e-03
5.119474935871539713e-03
1.130471194439626112e-02
-6.859078446565211595e-02
-2.336544523074804147e-01
7.626528805490857543e-01
6.216378745368278835e+00
1.750397970435682637e+01
2.804723057106282624e+01
2.804723057106282269e+01
1.750397970435680861e+01
6.216378745368277059e+00
7.626528805490806473e-01
-2.336544523074821633e-01
-6.859078446565300413e-02
1.130471194439595754e-02
5.119474935871485936e-03
3.939790044634031152e-03
2.700741027237826136e-02
-5.810511570092076819e-05
-4.225909281478410495e-01
-1.654528871470665186e+00
-3.251605723606374010e+00
-3.961873174871969105e+00
-3.688352456009976965e+00
-3.688352456009980518e+00
-3.961873174871973102e+00
-3.251605723606378451e+00
-1.654528871470666518e+00
-4.225909281478416601e-01
-5.810511570230290912e-05
2.700741027237786238e-02
3.939790044634022478e-03
-6.457638732661750199e-04
3.181951940832850739e-02
1.219468553129062077e-01
-2.328120086344740575e-02
-1.540250466674046415e+00
-5.935119723130704905e+00
-1.278950871117644539e+01
-1.832430945299445213e+01
-1.832430945299445213e+01
-1.278950871117644006e+01
-5.935119723130704017e+00
-1.540250466674043528e+00
-2.328120086344682982e-02
1.219468553129059718e-01
3.181951940832837555e-02
-6.457638732662091723e-04
-5.911908351133562771e-03
7.925430924630478755e-03
1.334960996723506543e-01
4.379042034880520351e-01
4.882946734809115452e-01
-8.464712742555778879e-01
-4.006848796905102539e+00
-7.010695650614777286e+00
-7.010695650614774621e+00
-4.006848796905096322e+00
-8.464712742555758895e-01
4.882946734809133216e-01
4.379042034880519796e-01
1.334960996723509874e-01
7.925430924630485693e-03
-5.911908351133585322e-03
-6.071097699680187178e-03
-1.676021994148810951e-02
2.320408677658437197e-02
2.927125362469371050e-01
9.666831758026885879e-01
1.864586866114105401e+00
2.489550875808109964e+00
2.670546986472820183e+00
2.670546986472820183e+00
2.489550875808109520e+00
1.864586866114106067e+00
9.666831758026881438e-01
2.927125362469366610e-01
2.320408677658453503e-02
-1.676021994148803318e-02
-6.071097699680193249e-03
-2.105532776673075916e-03
-1.581235852579519763e-02
-4.148552171441115960e-02
-1.276116943552831756e-02
2.419728701258845038e-01
8.587647268314985149e-01
1.685952226989146707e+00
2.287707364266830634e+00
2.287707364266830634e+00
1.685952226989146041e+00
8.587647268314987370e-01
2.419728701258842263e-01
-1.276116943552850491e-02
-4.148552171441113184e-02
-1.581235852579514559e-02
-2.105532776673077651e-03
5.670209333053929327e-04
-3.820889426181858957e-03
-2.542947462972043604e-02
-7.266129986232991445e-02
-1.152164230842521592e-01
-8.368239750786306275e-02
4.433876268446609870e-02
1.722142816379306218e-01
1.722142816379304275e-01
4.433876268446569624e-02
-8.368239750786332642e-02
-1.152164230842523535e-01
-7.266129986232994220e-02
-2.542947462972049849e-02
-3.820889426181874569e-03
5.670209333053911980e-04
6.873572486809668633e-04
1.320043636481951256e-03
-2.223753754052445238e-03
-2.076185363423509872e-02
-6.450762274019518350e-02
-1.274838720931171510e-01
-1.860855621041134222e-01
-2.189611214924545302e-01
-2.189611214924544191e-01
-1.860855621041133945e-01
-1.274838720931172065e-01
-6.450762274019516962e-02
-2.076185363423505362e-02
-2.223753754052465621e-03
1.320043636481949088e-03
6.873572486809652370e-04
